Alpha_Precision_all: 0.8954456
Beta_Recall_all: 0.3788522666666666
